[part info]
PSID = 50
P_Tol = 0.1
C_Tol = 0.1

[sequence]
header = mA	Dwell	MinFlow	MaxFlow
step001 = 0	45	10	36
step002 = 10	30	10	45
step003 = 12	30	30	46
step004 = 17	30	41	51
step005 = 25	30	58	72
step006 = 55	30	124	154
step007 = 99	30	=F6+178	
step008 = 100	30	237	267
step009 = 200	30	445	529
step010 = 250	30	550	660
step011 = 200	30	445	529
step012 = 100	30	237	267
step013 = 99	30	=F16+178	
step014 = 55	30	124	154
step015 = 25	30	58	72
step016 = 17	30	41	51
step017 = 12	30	30	46
step018 = 10	30	10	45
step019 = 0	45	10	36




