[FEM03]
GPM = 0.00000	0.01403	0.02820	0.04999	0.10258	0.21270	0.29025	0.38705	0.48020	0.58116	0.67343	0.78891	0.88241	0.99458	1.08920	1.18752	1.40024	1.49696	1.61641	1.82395	2.03827
Hz = 0.00	3.61	7.37	13.09	27.01	55.78	75.99	100.94	124.81	150.52	173.77	202.70	225.93	253.45	276.83	301.27	352.82	375.82	403.94	453.60	503.78